Nr=8
Name=Prøve
Marking=False
Series=0
SeriesCenterTens=28
Total=0
TotalCenterTens=28
Count=7
[1]
X=-0.00039360405302319644
Y=0.00016936674755309398
V=*.9
[2]
X=0.00920223483154318
Y=-0.02666441301699049
V=*.6
[3]
X=-0.017709927131260204
Y=0.021393346660813148
V=*.6
[4]
X=-0.001365996104558296
Y=-0.004599278125604196
V=*.9
[5]
X=-0.03109132063205291
Y=-0.10065696367076522
V=9.9
[6]
X=0.0005157342647674819
Y=0.0001581985393706026
V=*.9
[7]
X=-0.092104564812914
Y=-0.1072827008477492
V=9.5
