Nr=7
Name=Prøve
Marking=False
Series=0
SeriesCenterTens=23
Total=0
TotalCenterTens=23
Count=7
[1]
X=0.04938959515403905
Y=-0.04874285677930207
V=X.2
[2]
X=-0.0006460787905610319
Y=-0.0010459720831835293
V=*.9
[3]
X=0.010554770557972642
Y=0.029308717661504235
V=*.6
[4]
X=0.10489133367778011
Y=-0.11156465099319447
V=9.4
[5]
X=0.03259560956730106
Y=0.14852085257240943
V=9.4
[6]
X=0.04201590844944283
Y=0.024449550013510297
V=X.4
[7]
X=-0.000035869523354641456
Y=0.0000681154835451089
V=*.9
