Nr=5
Name=Prøve
Marking=False
Series=0
SeriesCenterTens=23
Total=0
TotalCenterTens=23
Count=7
[1]
X=-0.0038439679182131425
Y=-0.24360942945788783
V=8.5
[2]
X=-0.06449372719341001
Y=-0.021755198259774698
V=X.2
[3]
X=-0.0005817220191583437
Y=0.0028257722961429646
V=*.9
[4]
X=0.003372677415970344
Y=-0.025480766566186974
V=*.7
[5]
X=0.0033403852101738527
Y=0.01887313678574756
V=*.7
[6]
X=-0.008319332055770153
Y=0.11885795978810597
V=9.7
[7]
X=0.00455571886471564
Y=0.0018527790793967708
V=*.9
