Nr=2
Name=Prøve
Marking=False
Series=0
SeriesCenterTens=20
Total=0
TotalCenterTens=20
Count=6
[1]
X=0.15683735544796454
Y=-0.18922731468558585
V=8.5
[2]
X=-7.86086628818505e-7
Y=-3.967178421649008e-7
V=*.9
[3]
X=-0.1514975952890461
Y=0.05537020051213182
V=9.3
[4]
X=3.511455443273602e-12
Y=-1.5839646372269669e-12
V=*.9
[5]
X=-0.016100535280271094
Y=0.014126306047705138
V=*.7
[6]
X=0.00009054188759406585
Y=-0.00011927744442446637
V=*.9
