Nr=6
Name=Prøve
Marking=False
Series=0
SeriesCenterTens=27
Total=0
TotalCenterTens=27
Count=7
[1]
X=0.00010867192744503618
Y=0.0035660555521644178
V=*.9
[2]
X=0.060192858517275315
Y=0.1378620905786834
V=9.4
[3]
X=0.10089213167089124
Y=0.023438007539571395
V=9.9
[4]
X=0.04668302033377958
Y=0.11191568604158371
V=9.7
[5]
X=-0.07874127483658153
Y=0.05550098430078972
V=X.0
[6]
X=0.03659389572994555
Y=-0.1690730354875037
V=9.2
[7]
X=-0.00191733158024011
Y=0.0015280845086811927
V=*.9
